1  2  0.289898
1  3  0.309017
1  4  0.146392
1  5  0.129732
1  6  0.144591
1  7  0.0842973
1  8  0.0827093
1  9  0.0728442
1  10  0.074129
2  1  0.289898
2  3  0.366025
2  4  0.128496
2  5  0.118818
2  6  0.122829
2  7  0.0842973
2  8  0.0827093
2  9  0.073693
2  10  0.074129
3  1  0.309017
3  2  0.366025
3  4  0.118818
3  5  0.109601
3  6  0.116066
3  7  0.0815034
3  8  0.0800697
3  9  0.0718244
3  10  0.072227
4  1  0.146392
4  2  0.128496
4  3  0.118818
4  5  0.309017
4  6  0.366025
4  7  0.0806338
4  8  0.0792459
4  9  0.0693654
4  10  0.0716256
5  1  0.129732
5  2  0.118818
5  3  0.109601
5  4  0.309017
5  6  0.240253
5  7  0.0859834
5  8  0.0842973
5  9  0.0726367
5  10  0.0752547
6  1  0.144591
6  2  0.122829
6  3  0.116066
6  4  0.366025
6  5  0.240253
6  7  0.0820995
6  8  0.0806338
6  9  0.0702802
6  10  0.0726367
7  1  0.0842973
7  2  0.0842973
7  3  0.0815034
7  4  0.0806338
7  5  0.0859834
7  6  0.0820995
7  8  0.366025
7  9  0.240253
7  10  0.224009
8  1  0.0827093
8  2  0.0827093
8  3  0.0800697
8  4  0.0792459
8  5  0.0842973
8  6  0.0806338
8  7  0.366025
8  9  0.217129
8  10  0.25
9  1  0.0728442
9  2  0.073693
9  3  0.0718244
9  4  0.0693654
9  5  0.0726367
9  6  0.0702802
9  7  0.240253
9  8  0.217129
9  10  0.224009
10  1  0.074129
10  2  0.074129
10  3  0.072227
10  4  0.0716256
10  5  0.0752547
10  6  0.0726367
10  7  0.224009
10  8  0.25
10  9  0.224009
