1  2  0.010751
1  3  0.0287655
1  4  0.0271548
1  5  0.0131288
1  6  0.0170396
1  7  0.0161434
1  8  0.0148575
1  9  0.0222138
1  10  0.013343
1  11  0.0194559
1  12  0.0100753
1  13  0.0281088
1  14  0.00782762
1  15  0.0143184
1  16  0.0268438
1  17  0.0317295
1  18  0.0179022
1  19  0.0235645
2  1  0.010751
2  3  0.0106715
2  4  0.0109495
2  5  0.0102533
2  6  0.0101899
2  7  0.0108621
2  8  0.00993511
2  9  0.0109313
2  10  0.00992917
2  11  0.0105686
2  12  0.00829185
2  13  0.0107869
2  14  0.00781262
2  15  0.0103977
2  16  0.0107684
2  17  0.010825
2  18  0.0101441
2  19  0.0110898
3  1  0.0287655
3  2  0.0106715
3  4  0.0271239
3  5  0.0129437
3  6  0.0164821
3  7  0.0155381
3  8  0.0151233
3  9  0.0226111
3  10  0.0129209
3  11  0.0194221
3  12  0.0100465
3  13  0.0328646
3  14  0.00768561
3  15  0.0139223
3  16  0.0295737
3  17  0.0344245
3  18  0.017439
3  19  0.0242648
4  1  0.0271548
4  2  0.0109495
4  3  0.0271239
4  5  0.0139199
4  6  0.0163107
4  7  0.0165186
4  8  0.0151639
4  9  0.0226407
4  10  0.0136288
4  11  0.0197458
4  12  0.0103421
4  13  0.0265433
4  14  0.00790676
4  15  0.0156952
4  16  0.0256866
4  17  0.0293497
4  18  0.0181818
4  19  0.0236048
5  1  0.0131288
5  2  0.0102533
5  3  0.0129437
5  4  0.0139199
5  6  0.0119035
5  7  0.0135594
5  8  0.0116943
5  9  0.0141033
5  10  0.011702
5  11  0.0135515
5  12  0.00945704
5  13  0.0129558
5  14  0.0081046
5  15  0.0145616
5  16  0.0131516
5  17  0.0131735
5  18  0.0124948
5  19  0.0140355
6  1  0.0170396
6  2  0.0101899
6  3  0.0164821
6  4  0.0163107
6  5  0.0119035
6  7  0.014235
6  8  0.0128588
6  9  0.0162886
6  10  0.0128772
6  11  0.0156168
6  12  0.00968239
6  13  0.0164866
6  14  0.00809456
6  15  0.0129267
6  16  0.0166046
6  17  0.0170089
6  18  0.0147314
6  19  0.0158644
7  1  0.0161434
7  2  0.0108621
7  3  0.0155381
7  4  0.0165186
7  5  0.0135594
7  6  0.014235
7  8  0.0130308
7  9  0.0163516
7  10  0.0136106
7  11  0.0154982
7  12  0.0101024
7  13  0.0157689
7  14  0.00835677
7  15  0.014612
7  16  0.015711
7  17  0.0159808
7  18  0.0141815
7  19  0.0162275
8  1  0.0148575
8  2  0.00993511
8  3  0.0151233
8  4  0.0151639
8  5  0.0116943
8  6  0.0128588
8  7  0.0130308
8  9  0.0144966
8  10  0.0113733
8  11  0.0139601
8  12  0.0095088
8  13  0.0149499
8  14  0.00778912
8  15  0.0127733
8  16  0.0149132
8  17  0.0153089
8  18  0.0127886
8  19  0.0156756
9  1  0.0222138
9  2  0.0109313
9  3  0.0226111
9  4  0.0226407
9  5  0.0141033
9  6  0.0162886
9  7  0.0163516
9  8  0.0144966
9  10  0.0135123
9  11  0.0190785
9  12  0.010378
9  13  0.022197
9  14  0.00801585
9  15  0.0151959
9  16  0.0229792
9  17  0.0230134
9  18  0.01689
9  19  0.021591
10  1  0.013343
10  2  0.00992917
10  3  0.0129209
10  4  0.0136288
10  5  0.011702
10  6  0.0128772
10  7  0.0136106
10  8  0.0113733
10  9  0.0135123
10  11  0.0134336
10  12  0.00966241
10  13  0.0130327
10  14  0.00809075
10  15  0.0127696
10  16  0.0131311
10  17  0.0131403
10  18  0.0125298
10  19  0.0133136
11  1  0.0194559
11  2  0.0105686
11  3  0.0194221
11  4  0.0197458
11  5  0.0135515
11  6  0.0156168
11  7  0.0154982
11  8  0.0139601
11  9  0.0190785
11  10  0.0134336
11  12  0.00997911
11  13  0.0195714
11  14  0.0080042
11  15  0.0150096
11  16  0.0192936
11  17  0.019502
11  18  0.0158184
11  19  0.0198767
12  1  0.0100753
12  2  0.00829185
12  3  0.0100465
12  4  0.0103421
12  5  0.00945704
12  6  0.00968239
12  7  0.0101024
12  8  0.0095088
12  9  0.010378
12  10  0.00966241
12  11  0.00997911
12  13  0.0100637
12  14  0.00767033
12  15  0.00990982
12  16  0.0100739
12  17  0.0101512
12  18  0.00990835
12  19  0.0100609
13  1  0.0281088
13  2  0.0107869
13  3  0.0328646
13  4  0.0265433
13  5  0.0129558
13  6  0.0164866
13  7  0.0157689
13  8  0.0149499
13  9  0.022197
13  10  0.0130327
13  11  0.0195714
13  12  0.0100637
13  14  0.00777274
13  15  0.0140387
13  16  0.0293562
13  17  0.0329152
13  18  0.0172806
13  19  0.0241377
14  1  0.00782762
14  2  0.00781262
14  3  0.00768561
14  4  0.00790676
14  5  0.0081046
14  6  0.00809456
14  7  0.00835677
14  8  0.00778912
14  9  0.00801585
14  10  0.00809075
14  11  0.0080042
14  12  0.00767033
14  13  0.00777274
14  15  0.00826069
14  16  0.00785502
14  17  0.00780279
14  18  0.00773853
14  19  0.00804378
15  1  0.0143184
15  2  0.0103977
15  3  0.0139223
15  4  0.0156952
15  5  0.0145616
15  6  0.0129267
15  7  0.014612
15  8  0.0127733
15  9  0.0151959
15  10  0.0127696
15  11  0.0150096
15  12  0.00990982
15  13  0.0140387
15  14  0.00826069
15  16  0.0141083
15  17  0.0143885
15  18  0.013375
15  19  0.0151093
16  1  0.0268438
16  2  0.0107684
16  3  0.0295737
16  4  0.0256866
16  5  0.0131516
16  6  0.0166046
16  7  0.015711
16  8  0.0149132
16  9  0.0229792
16  10  0.0131311
16  11  0.0192936
16  12  0.0100739
16  13  0.0293562
16  14  0.00785502
16  15  0.0141083
16  17  0.0308031
16  18  0.0174249
16  19  0.0244931
17  1  0.0317295
17  2  0.010825
17  3  0.0344245
17  4  0.0293497
17  5  0.0131735
17  6  0.0170089
17  7  0.0159808
17  8  0.0153089
17  9  0.0230134
17  10  0.0131403
17  11  0.019502
17  12  0.0101512
17  13  0.0329152
17  14  0.00780279
17  15  0.0143885
17  16  0.0308031
17  18  0.0178434
17  19  0.024966
18  1  0.0179022
18  2  0.0101441
18  3  0.017439
18  4  0.0181818
18  5  0.0124948
18  6  0.0147314
18  7  0.0141815
18  8  0.0127886
18  9  0.01689
18  10  0.0125298
18  11  0.0158184
18  12  0.00990835
18  13  0.0172806
18  14  0.00773853
18  15  0.013375
18  16  0.0174249
18  17  0.0178434
18  19  0.016938
19  1  0.0235645
19  2  0.0110898
19  3  0.0242648
19  4  0.0236048
19  5  0.0140355
19  6  0.0158644
19  7  0.0162275
19  8  0.0156756
19  9  0.021591
19  10  0.0133136
19  11  0.0198767
19  12  0.0100609
19  13  0.0241377
19  14  0.00804378
19  15  0.0151093
19  16  0.0244931
19  17  0.024966
19  18  0.016938
